EVENT_INDEX: 0 | TIME_US: 300.1
0 0 0 0 0 0 0 0
0 0 0 0 0 0 0 0
0 0 0 0 0 0 0 0
0 0 0 0 0 0 0 0
0 0 0 0 0 0 0 0
255 0 0 0 0 0 0 0
0 0 0 0 0 0 0 0
0 0 0 0 0 0 0 0
---
EVENT_INDEX: 1 | TIME_US: 300.1
0 0 0 0 0 0 0 0
0 0 0 0 0 0 0 0
0 0 0 0 0 0 0 0
0 0 0 0 0 0 0 0
0 0 0 0 0 0 0 0
255 0 0 0 0 255 0 0
0 0 0 0 0 0 0 0
0 0 0 0 0 0 0 0
---
EVENT_INDEX: 2 | TIME_US: 300.1
0 0 0 0 0 0 0 0
0 0 0 0 0 0 0 0
0 255 0 0 0 0 0 0
0 0 0 0 0 0 0 0
0 0 0 0 0 0 0 0
255 0 0 0 0 255 0 0
0 0 0 0 0 0 0 0
0 0 0 0 0 0 0 0
---
EVENT_INDEX: 3 | TIME_US: 300.1
0 0 0 0 0 0 0 0
0 0 0 0 0 0 0 0
0 255 255 0 0 0 0 0
0 0 0 0 0 0 0 0
0 0 0 0 0 0 0 0
255 0 0 0 0 255 0 0
0 0 0 0 0 0 0 0
0 0 0 0 0 0 0 0
---
EVENT_INDEX: 4 | TIME_US: 600.2
0 0 0 0 0 0 0 0
0 0 0 0 0 0 0 0
0 254 254 0 0 0 0 0
0 0 0 0 0 0 0 0
0 0 0 0 0 0 0 0
254 0 0 0 0 255 0 0
0 0 0 0 0 0 0 0
0 0 0 0 0 0 0 0
---
EVENT_INDEX: 5 | TIME_US: 600.2
0 0 0 0 0 0 0 0
0 0 0 0 0 0 0 0
0 255 254 0 0 0 0 0
0 0 0 0 0 0 0 0
0 0 0 0 0 0 0 0
254 0 0 0 0 255 0 0
0 0 0 0 0 0 0 0
0 0 0 0 0 0 0 0
---
EVENT_INDEX: 6 | TIME_US: 600.2
0 0 0 0 0 0 0 0
0 0 0 0 0 0 0 0
0 255 255 0 0 0 0 0
0 0 0 0 0 0 0 0
0 0 0 0 0 0 0 0
254 0 0 0 0 255 0 0
0 0 0 0 0 0 0 0
0 0 0 0 0 0 0 0
---
EVENT_INDEX: 7 | TIME_US: 600.2
0 0 0 0 0 0 0 0
0 0 0 0 0 0 0 0
0 255 255 0 255 0 0 0
0 0 0 0 0 0 0 0
0 0 0 0 0 0 0 0
254 0 0 0 0 255 0 0
0 0 0 0 0 0 0 0
0 0 0 0 0 0 0 0
---
EVENT_INDEX: 8 | TIME_US: 600.2
0 0 0 0 0 0 0 0
0 0 0 0 0 0 0 0
0 255 255 0 255 0 255 0
0 0 0 0 0 0 0 0
0 0 0 0 0 0 0 0
254 0 0 0 0 255 0 0
0 0 0 0 0 0 0 0
0 0 0 0 0 0 0 0
---
EVENT_INDEX: 9 | TIME_US: 900.3
0 0 0 0 0 0 0 0
0 0 0 0 0 0 0 0
0 254 254 0 254 0 254 0
0 0 0 0 0 0 0 0
0 0 0 0 0 0 0 0
253 0 255 0 0 254 0 0
0 0 0 0 0 0 0 0
0 0 0 0 0 0 0 0
---
EVENT_INDEX: 10 | TIME_US: 900.3
0 0 0 0 0 0 0 0
0 0 0 0 0 0 0 0
0 255 254 0 254 0 254 0
0 0 0 0 0 0 0 0
0 0 0 0 0 0 0 0
253 0 255 0 0 254 0 0
0 0 0 0 0 0 0 0
0 0 0 0 0 0 0 0
---
EVENT_INDEX: 11 | TIME_US: 900.3
0 0 0 0 0 0 0 0
0 0 0 0 0 0 0 0
0 255 255 0 254 0 254 0
0 0 0 0 0 0 0 0
0 0 0 0 0 0 0 0
253 0 255 0 0 254 0 0
0 0 0 0 0 0 0 0
0 0 0 0 0 0 0 0
---
EVENT_INDEX: 12 | TIME_US: 900.3
0 0 0 0 0 0 0 0
0 0 0 0 0 0 0 0
0 255 255 0 255 0 254 0
0 0 0 0 0 0 0 0
0 0 0 0 0 0 0 0
253 0 255 0 0 254 0 0
0 0 0 0 0 0 0 0
0 0 0 0 0 0 0 0
---
EVENT_INDEX: 13 | TIME_US: 1200.4
0 0 0 0 0 0 0 0
0 0 0 0 0 0 0 0
0 254 254 0 254 0 253 0
0 0 0 0 0 0 0 0
0 0 0 0 0 0 0 0
252 0 255 0 0 253 0 0
0 0 0 0 0 0 0 0
0 0 0 0 0 0 0 0
---
EVENT_INDEX: 14 | TIME_US: 1200.4
0 0 0 0 0 0 0 0
0 0 0 0 0 0 0 0
0 255 254 0 254 0 253 0
0 0 0 0 0 0 0 0
0 0 0 0 0 0 0 0
252 0 255 0 0 253 0 0
0 0 0 0 0 0 0 0
0 0 0 0 0 0 0 0
---
EVENT_INDEX: 15 | TIME_US: 1200.4
0 0 0 0 0 0 0 0
0 0 0 0 0 0 0 0
0 255 254 0 255 0 253 0
0 0 0 0 0 0 0 0
0 0 0 0 0 0 0 0
252 0 255 0 0 253 0 0
0 0 0 0 0 0 0 0
0 0 0 0 0 0 0 0
---
EVENT_INDEX: 16 | TIME_US: 1500.5
0 0 0 0 0 0 0 0
0 0 0 0 0 0 0 0
0 255 253 0 254 0 252 0
0 0 0 0 0 0 0 0
0 0 0 0 0 0 0 0
251 0 254 0 0 252 0 0
0 0 0 0 0 0 0 0
0 0 0 0 0 0 0 0
---
EVENT_INDEX: 17 | TIME_US: 1500.5
0 0 0 0 0 0 0 0
0 0 0 0 0 0 0 0
0 255 255 0 254 0 252 0
0 0 0 0 0 0 0 0
0 0 0 0 0 0 0 0
251 0 254 0 0 252 0 0
0 0 0 0 0 0 0 0
0 0 0 0 0 0 0 0
---
EVENT_INDEX: 18 | TIME_US: 1500.5
0 0 0 0 0 0 0 0
0 0 0 0 0 0 0 0
0 255 255 0 255 0 252 0
0 0 0 0 0 0 0 0
0 0 0 0 0 0 0 0
251 0 254 0 0 252 0 0
0 0 0 0 0 0 0 0
0 0 0 0 0 0 0 0
---
EVENT_INDEX: 19 | TIME_US: 1500.5
0 0 0 0 0 0 0 0
0 0 0 0 0 0 0 0
0 255 255 0 255 0 255 0
0 0 0 0 0 0 0 0
0 0 0 0 0 0 0 0
251 0 254 0 0 252 0 0
0 0 0 0 0 0 0 0
0 0 0 0 0 0 0 0
---
EVENT_INDEX: 20 | TIME_US: 1800.6
0 0 0 0 0 0 0 0
0 0 0 0 0 0 0 0
0 254 254 0 254 0 254 0
0 0 0 0 0 0 0 0
0 0 0 0 0 0 0 0
255 0 253 0 0 251 0 0
0 0 0 0 0 0 0 0
0 0 0 0 0 0 0 0
---
EVENT_INDEX: 21 | TIME_US: 1800.6
0 0 0 0 0 0 0 0
0 0 0 0 0 0 0 0
255 254 254 0 254 0 254 0
0 0 0 0 0 0 0 0
0 0 0 0 0 0 0 0
255 0 253 0 0 251 0 0
0 0 0 0 0 0 0 0
0 0 0 0 0 0 0 0
---
EVENT_INDEX: 22 | TIME_US: 1800.6
0 0 0 0 0 0 0 0
0 0 0 0 0 0 0 0
255 254 255 0 254 0 254 0
0 0 0 0 0 0 0 0
0 0 0 0 0 0 0 0
255 0 253 0 0 251 0 0
0 0 0 0 0 0 0 0
0 0 0 0 0 0 0 0
---
EVENT_INDEX: 23 | TIME_US: 2100.6
0 0 0 0 0 0 0 0
0 0 0 0 0 0 0 0
254 253 254 0 253 0 253 0
0 0 0 0 0 0 0 0
0 0 0 0 0 0 0 0
255 0 252 0 0 250 0 0
0 0 0 0 0 0 0 0
0 0 0 0 0 0 0 0
---
EVENT_INDEX: 24 | TIME_US: 2100.7
0 0 0 0 0 0 0 0
0 0 0 0 0 0 0 0
254 253 254 0 253 0 253 0
0 0 0 0 0 0 0 0
0 0 0 0 0 0 0 0
255 255 252 0 0 250 0 0
0 0 0 0 0 0 0 0
0 0 0 0 0 0 0 0
---
EVENT_INDEX: 25 | TIME_US: 2100.7
0 0 0 0 0 0 0 0
0 0 0 0 0 0 0 0
255 253 254 0 253 0 253 0
0 0 0 0 0 0 0 0
0 0 0 0 0 0 0 0
255 255 252 0 0 250 0 0
0 0 0 0 0 0 0 0
0 0 0 0 0 0 0 0
---
EVENT_INDEX: 26 | TIME_US: 2100.7
0 0 0 0 0 0 0 0
0 0 0 0 0 0 0 0
255 255 254 0 253 0 253 0
0 0 0 0 0 0 0 0
0 0 0 0 0 0 0 0
255 255 252 0 0 250 0 0
0 0 0 0 0 0 0 0
0 0 0 0 0 0 0 0
---
EVENT_INDEX: 27 | TIME_US: 2400.7
0 0 0 0 0 0 0 0
0 0 0 0 0 0 0 0
254 254 253 0 252 0 252 0
0 0 0 0 0 0 0 0
0 0 0 0 0 0 0 0
254 255 251 0 0 249 0 0
0 0 0 0 0 0 0 0
0 0 0 0 0 0 0 0
---
EVENT_INDEX: 28 | TIME_US: 2400.8
0 0 0 0 0 0 0 0
0 0 0 0 0 0 0 0
254 255 253 0 252 0 252 0
0 0 0 0 0 0 0 0
0 0 0 0 0 0 0 0
254 255 251 0 0 249 0 0
0 0 0 0 0 0 0 0
0 0 0 0 0 0 0 0
---
EVENT_INDEX: 29 | TIME_US: 2700.8
0 0 0 0 0 0 0 0
0 0 0 0 0 0 0 0
253 254 252 0 251 0 251 0
0 0 0 0 0 0 0 0
0 0 0 0 0 0 0 0
255 254 250 0 0 248 0 0
0 0 0 0 0 0 0 0
0 0 0 0 0 0 0 0
---
EVENT_INDEX: 30 | TIME_US: 2700.8
0 0 0 0 0 0 0 0
0 0 0 0 0 0 0 0
253 255 252 0 251 0 251 0
0 0 0 0 0 0 0 0
0 0 0 0 0 0 0 0
255 254 250 0 0 248 0 0
0 0 0 0 0 0 0 0
0 0 0 0 0 0 0 0
---
EVENT_INDEX: 31 | TIME_US: 3000.9
0 0 0 0 0 0 0 0
0 0 0 0 0 0 0 0
252 254 251 0 250 0 250 0
0 0 0 0 0 0 0 0
0 0 0 0 0 0 0 0
254 255 249 0 0 247 0 0
0 0 0 0 0 0 0 0
0 0 0 0 0 0 0 0
---
EVENT_INDEX: 32 | TIME_US: 3000.9
0 0 0 0 0 0 0 0
0 0 0 0 0 0 0 0
252 254 251 0 250 0 250 0
0 0 0 0 0 0 0 0
0 0 0 0 0 0 0 0
254 255 255 0 0 247 0 0
0 0 0 0 0 0 0 0
0 0 0 0 0 0 0 0
---
EVENT_INDEX: 33 | TIME_US: 3000.9
0 0 0 0 0 0 0 0
0 0 0 0 0 0 0 0
252 255 251 0 250 0 250 0
0 0 0 0 0 0 0 0
0 0 0 0 0 0 0 0
254 255 255 0 0 247 0 0
0 0 0 0 0 0 0 0
0 0 0 0 0 0 0 0
---
EVENT_INDEX: 34 | TIME_US: 3000.9
0 0 0 0 0 0 0 0
0 0 0 0 0 0 0 0
252 255 255 0 250 0 250 0
0 0 0 0 0 0 0 0
0 0 0 0 0 0 0 0
254 255 255 0 0 247 0 0
0 0 0 0 0 0 0 0
0 0 0 0 0 0 0 0
---
EVENT_INDEX: 35 | TIME_US: 3301.0
0 0 0 0 0 0 0 0
0 0 0 0 0 0 0 0
251 254 254 0 249 0 249 0
0 0 0 0 0 0 0 0
0 0 0 0 0 0 0 0
253 255 254 0 0 246 0 0
0 0 0 0 0 0 0 0
0 0 0 0 0 0 0 0
---
EVENT_INDEX: 36 | TIME_US: 3301.0
0 0 0 0 0 0 0 0
0 0 0 0 0 0 0 0
251 254 254 0 249 0 249 0
0 0 0 0 0 0 0 0
0 0 0 0 0 0 0 0
253 255 254 0 0 255 0 0
0 0 0 0 0 0 0 0
0 0 0 0 0 0 0 0
---
EVENT_INDEX: 37 | TIME_US: 3301.0
0 0 0 0 0 0 0 0
0 0 0 0 0 0 0 0
251 255 254 0 249 0 249 0
0 0 0 0 0 0 0 0
0 0 0 0 0 0 0 0
253 255 254 0 0 255 0 0
0 0 0 0 0 0 0 0
0 0 0 0 0 0 0 0
---
EVENT_INDEX: 38 | TIME_US: 3301.0
0 0 0 0 0 0 0 0
0 0 0 0 0 0 0 0
251 255 255 0 249 0 249 0
0 0 0 0 0 0 0 0
0 0 0 0 0 0 0 0
253 255 254 0 0 255 0 0
0 0 0 0 0 0 0 0
0 0 0 0 0 0 0 0
---
EVENT_INDEX: 39 | TIME_US: 3601.1
0 0 0 0 0 0 0 0
0 0 0 0 0 0 0 0
250 254 254 0 248 0 248 0
0 0 0 0 0 0 0 0
0 0 0 0 0 0 0 0
255 254 253 0 0 254 0 0
0 0 0 0 0 0 0 0
0 0 0 0 0 0 0 0
---
EVENT_INDEX: 40 | TIME_US: 3601.1
0 0 0 0 0 0 0 0
0 0 0 0 0 0 0 0
250 254 254 0 248 0 248 0
0 0 0 0 0 0 0 0
0 0 0 0 0 0 0 0
255 255 253 0 0 254 0 0
0 0 0 0 0 0 0 0
0 0 0 0 0 0 0 0
---
EVENT_INDEX: 41 | TIME_US: 3601.1
0 0 0 0 0 0 0 0
0 0 0 0 0 0 0 0
250 254 254 0 248 0 248 0
0 0 0 0 0 0 0 0
0 0 0 0 0 0 0 0
255 255 253 0 0 255 0 0
0 0 0 0 0 0 0 0
0 0 0 0 0 0 0 0
---
EVENT_INDEX: 42 | TIME_US: 3601.1
0 0 0 0 0 0 0 0
0 0 0 0 0 0 0 0
255 254 254 0 248 0 248 0
0 0 0 0 0 0 0 0
0 0 0 0 0 0 0 0
255 255 253 0 0 255 0 0
0 0 0 0 0 0 0 0
0 0 0 0 0 0 0 0
---
EVENT_INDEX: 43 | TIME_US: 3601.1
0 0 0 0 0 0 0 0
0 0 0 0 0 0 0 0
255 255 254 0 248 0 248 0
0 0 0 0 0 0 0 0
0 0 0 0 0 0 0 0
255 255 253 0 0 255 0 0
0 0 0 0 0 0 0 0
0 0 0 0 0 0 0 0
---
EVENT_INDEX: 44 | TIME_US: 3601.2
0 0 0 0 0 0 0 0
0 0 0 0 0 0 0 0
255 255 255 0 248 0 248 0
0 0 0 0 0 0 0 0
0 0 0 0 0 0 0 0
255 255 253 0 0 255 0 0
0 0 0 0 0 0 0 0
0 0 0 0 0 0 0 0
---
EVENT_INDEX: 45 | TIME_US: 3901.2
0 0 0 0 0 0 0 0
0 0 0 0 0 0 0 0
254 254 254 0 247 0 247 0
0 0 0 0 0 0 0 0
0 0 0 0 0 0 0 0
254 255 252 0 0 254 0 0
0 0 0 0 0 0 0 0
0 0 0 0 0 0 0 0
---
EVENT_INDEX: 46 | TIME_US: 3901.2
0 0 0 0 0 0 0 0
0 0 0 0 0 0 0 0
254 254 254 0 247 0 247 0
0 0 0 0 0 0 0 0
0 0 0 0 0 0 0 0
254 255 255 0 0 254 0 0
0 0 0 0 0 0 0 0
0 0 0 0 0 0 0 0
---
EVENT_INDEX: 47 | TIME_US: 3901.2
0 0 0 0 0 0 0 0
0 0 0 0 0 0 0 0
255 254 254 0 247 0 247 0
0 0 0 0 0 0 0 0
0 0 0 0 0 0 0 0
254 255 255 0 0 254 0 0
0 0 0 0 0 0 0 0
0 0 0 0 0 0 0 0
---
EVENT_INDEX: 48 | TIME_US: 3901.3
0 0 0 0 0 0 0 0
0 0 0 0 0 0 0 0
255 255 254 0 247 0 247 0
0 0 0 0 0 0 0 0
0 0 0 0 0 0 0 0
254 255 255 0 0 254 0 0
0 0 0 0 0 0 0 0
0 0 0 0 0 0 0 0
---
EVENT_INDEX: 49 | TIME_US: 4201.3
0 0 0 0 0 0 0 0
0 0 0 0 0 0 0 0
254 254 253 0 246 0 246 0
0 0 0 0 0 0 0 0
0 0 0 0 0 0 0 0
255 254 254 0 0 253 0 0
0 0 0 0 0 0 0 0
0 0 0 0 0 0 0 0
---
EVENT_INDEX: 50 | TIME_US: 4201.3
0 0 0 0 0 0 0 0
0 0 0 0 0 0 0 0
254 254 253 0 246 0 246 0
0 0 0 0 0 0 0 0
0 0 0 0 0 0 0 0
255 255 254 0 0 253 0 0
0 0 0 0 0 0 0 0
0 0 0 0 0 0 0 0
---
EVENT_INDEX: 51 | TIME_US: 4201.3
0 0 0 0 0 0 0 0
0 0 0 0 0 0 0 0
255 254 253 0 246 0 246 0
0 0 0 0 0 0 0 0
0 0 0 0 0 0 0 0
255 255 254 0 0 253 0 0
0 0 0 0 0 0 0 0
0 0 0 0 0 0 0 0
---
EVENT_INDEX: 52 | TIME_US: 4201.4
0 0 0 0 0 0 0 0
0 0 0 0 0 0 0 0
255 255 253 0 246 0 246 0
0 0 0 0 0 0 0 0
0 0 0 0 0 0 0 0
255 255 254 0 0 253 0 0
0 0 0 0 0 0 0 0
0 0 0 0 0 0 0 0
---
EVENT_INDEX: 53 | TIME_US: 4201.4
0 0 0 0 0 0 0 0
0 0 0 0 0 0 0 0
255 255 255 0 246 0 246 0
0 0 0 0 0 0 0 0
0 0 0 0 0 0 0 0
255 255 254 0 0 253 0 0
0 0 0 0 0 0 0 0
0 0 0 0 0 0 0 0
---
EVENT_INDEX: 54 | TIME_US: 4501.4
0 0 0 0 0 0 0 0
0 0 0 0 0 0 0 0
254 254 254 0 245 0 245 0
0 0 0 0 0 0 0 0
0 0 0 0 0 0 0 0
254 255 253 0 0 252 0 0
0 0 0 0 0 0 0 0
0 0 0 0 0 0 0 0
---
EVENT_INDEX: 55 | TIME_US: 4501.4
0 0 0 0 0 0 0 0
0 0 0 0 0 0 0 0
254 254 254 0 245 0 245 0
0 0 0 0 0 0 0 0
0 0 0 0 0 0 0 0
254 255 253 0 255 252 0 0
0 0 0 0 0 0 0 0
0 0 0 0 0 0 0 0
---
EVENT_INDEX: 56 | TIME_US: 4501.5
0 0 0 0 0 0 0 0
0 0 0 0 0 0 0 0
255 254 254 0 245 0 245 0
0 0 0 0 0 0 0 0
0 0 0 0 0 0 0 0
254 255 253 0 255 252 0 0
0 0 0 0 0 0 0 0
0 0 0 0 0 0 0 0
---
EVENT_INDEX: 57 | TIME_US: 4501.5
0 0 0 0 0 0 0 0
0 0 0 0 0 0 0 0
255 255 254 0 245 0 245 0
0 0 0 0 0 0 0 0
0 0 0 0 0 0 0 0
254 255 253 0 255 252 0 0
0 0 0 0 0 0 0 0
0 0 0 0 0 0 0 0
---
EVENT_INDEX: 58 | TIME_US: 4501.5
0 0 0 0 0 0 0 0
0 0 0 0 0 0 0 0
255 255 255 0 245 0 245 0
0 0 0 0 0 0 0 0
0 0 0 0 0 0 0 0
254 255 253 0 255 252 0 0
0 0 0 0 0 0 0 0
0 0 0 0 0 0 0 0
---
EVENT_INDEX: 59 | TIME_US: 4501.5
0 0 0 0 0 0 0 0
0 0 0 0 0 0 0 0
255 255 255 0 255 0 245 0
0 0 0 0 0 0 0 0
0 0 0 0 0 0 0 0
254 255 253 0 255 252 0 0
0 0 0 0 0 0 0 0
0 0 0 0 0 0 0 0
---
EVENT_INDEX: 60 | TIME_US: 4801.6
0 0 0 0 0 0 0 0
0 0 0 0 0 0 0 0
254 254 254 0 254 0 244 0
0 0 0 0 0 0 0 0
0 0 0 0 0 0 0 0
255 254 252 0 254 251 0 0
0 0 0 0 0 0 0 0
0 0 0 0 0 0 0 0
---
EVENT_INDEX: 61 | TIME_US: 4801.6
0 0 0 0 0 0 0 0
0 0 0 0 0 0 0 0
254 254 254 0 254 0 244 0
0 0 0 0 0 0 0 0
0 0 0 0 0 0 0 0
255 255 252 0 254 251 0 0
0 0 0 0 0 0 0 0
0 0 0 0 0 0 0 0
---
EVENT_INDEX: 62 | TIME_US: 4801.6
0 0 0 0 0 0 0 0
0 0 0 0 0 0 0 0
254 254 254 0 254 0 244 0
0 0 0 0 0 0 0 0
0 0 0 0 0 0 0 0
255 255 255 0 254 251 0 0
0 0 0 0 0 0 0 0
0 0 0 0 0 0 0 0
---
EVENT_INDEX: 63 | TIME_US: 4801.6
0 0 0 0 0 0 0 0
0 0 0 0 0 0 0 0
254 254 254 0 254 0 244 0
0 0 0 0 0 0 0 0
0 0 0 0 0 0 0 0
255 255 255 255 254 251 0 0
0 0 0 0 0 0 0 0
0 0 0 0 0 0 0 0
---
EVENT_INDEX: 64 | TIME_US: 4801.6
0 0 0 0 0 0 0 0
0 0 0 0 0 0 0 0
254 254 254 0 254 0 244 0
0 0 0 0 0 0 0 0
0 0 0 0 0 0 0 0
255 255 255 255 254 251 255 0
0 0 0 0 0 0 0 0
0 0 0 0 0 0 0 0
---
EVENT_INDEX: 65 | TIME_US: 4801.7
0 0 0 0 0 0 0 0
0 0 0 0 0 0 0 0
255 254 254 0 254 0 244 0
0 0 0 0 0 0 0 0
0 0 0 0 0 0 0 0
255 255 255 255 254 251 255 0
0 0 0 0 0 0 0 0
0 0 0 0 0 0 0 0
---
EVENT_INDEX: 66 | TIME_US: 4801.7
0 0 0 0 0 0 0 0
0 0 0 0 0 0 0 0
255 254 255 0 254 0 244 0
0 0 0 0 0 0 0 0
0 0 0 0 0 0 0 0
255 255 255 255 254 251 255 0
0 0 0 0 0 0 0 0
0 0 0 0 0 0 0 0
---
EVENT_INDEX: 67 | TIME_US: 5101.7
0 0 0 0 0 0 0 0
0 0 0 0 0 0 0 0
254 253 254 0 253 0 243 0
0 0 0 0 0 0 0 0
0 0 0 0 0 0 0 0
255 254 254 254 253 250 254 0
0 0 0 0 0 0 0 0
0 0 0 0 0 0 0 0
---
EVENT_INDEX: 68 | TIME_US: 5101.7
0 0 0 0 0 0 0 0
0 0 0 0 0 0 0 0
254 253 254 0 253 0 243 0
0 0 0 0 0 0 0 0
0 0 0 0 0 0 0 0
255 255 254 254 253 250 254 0
0 0 0 0 0 0 0 0
0 0 0 0 0 0 0 0
---
EVENT_INDEX: 69 | TIME_US: 5101.8
0 0 0 0 0 0 0 0
0 0 0 0 0 0 0 0
254 253 254 0 253 0 243 0
0 0 0 0 0 0 0 0
0 0 0 0 0 0 0 0
255 255 254 255 253 250 254 0
0 0 0 0 0 0 0 0
0 0 0 0 0 0 0 0
---
EVENT_INDEX: 70 | TIME_US: 5101.8
0 0 0 0 0 0 0 0
0 0 0 0 0 0 0 0
254 253 254 0 253 0 243 0
0 0 0 0 0 0 0 0
0 0 0 0 0 0 0 0
255 255 254 255 255 250 254 0
0 0 0 0 0 0 0 0
0 0 0 0 0 0 0 0
---
EVENT_INDEX: 71 | TIME_US: 5101.8
0 0 0 0 0 0 0 0
0 0 0 0 0 0 0 0
254 253 254 0 253 0 243 0
0 0 0 0 0 0 0 0
0 0 0 0 0 0 0 0
255 255 254 255 255 250 255 0
0 0 0 0 0 0 0 0
0 0 0 0 0 0 0 0
---
EVENT_INDEX: 72 | TIME_US: 5101.8
0 0 0 0 0 0 0 0
0 0 0 0 0 0 0 0
255 253 254 0 253 0 243 0
0 0 0 0 0 0 0 0
0 0 0 0 0 0 0 0
255 255 254 255 255 250 255 0
0 0 0 0 0 0 0 0
0 0 0 0 0 0 0 0
---
EVENT_INDEX: 73 | TIME_US: 5101.8
0 0 0 0 0 0 0 0
0 0 0 0 0 0 0 0
255 255 254 0 253 0 243 0
0 0 0 0 0 0 0 0
0 0 0 0 0 0 0 0
255 255 254 255 255 250 255 0
0 0 0 0 0 0 0 0
0 0 0 0 0 0 0 0
---
EVENT_INDEX: 74 | TIME_US: 5101.9
0 0 0 0 0 0 0 0
0 0 0 0 0 0 0 0
255 255 255 0 253 0 243 0
0 0 0 0 0 0 0 0
0 0 0 0 0 0 0 0
255 255 254 255 255 250 255 0
0 0 0 0 0 0 0 0
0 0 0 0 0 0 0 0
---
EVENT_INDEX: 75 | TIME_US: 5101.9
0 0 0 0 0 0 0 0
0 0 0 0 0 0 0 0
255 255 255 0 255 0 243 0
0 0 0 0 0 0 0 0
0 0 0 0 0 0 0 0
255 255 254 255 255 250 255 0
0 0 0 0 0 0 0 0
0 0 0 0 0 0 0 0
---
EVENT_INDEX: 76 | TIME_US: 5401.9
0 0 0 0 0 0 0 0
0 0 0 0 0 0 0 0
254 254 254 0 254 0 242 0
0 0 0 0 0 0 0 0
0 0 0 0 0 0 0 0
255 254 253 254 254 249 254 0
0 0 0 0 0 0 0 0
0 0 0 0 0 0 0 0
---
EVENT_INDEX: 77 | TIME_US: 5401.9
0 0 0 0 0 0 0 0
0 0 0 0 0 0 0 0
254 254 254 0 254 0 242 0
0 0 0 0 0 0 0 0
0 0 0 0 0 0 0 0
255 255 253 254 254 249 254 0
0 0 0 0 0 0 0 0
0 0 0 0 0 0 0 0
---
EVENT_INDEX: 78 | TIME_US: 5402.0
0 0 0 0 0 0 0 0
0 0 0 0 0 0 0 0
254 254 254 0 254 0 242 0
0 0 0 0 0 0 0 0
0 0 0 0 0 0 0 0
255 255 255 254 254 249 254 0
0 0 0 0 0 0 0 0
0 0 0 0 0 0 0 0
---
EVENT_INDEX: 79 | TIME_US: 5402.0
0 0 0 0 0 0 0 0
0 0 0 0 0 0 0 0
254 254 254 0 254 0 242 0
0 0 0 0 0 0 0 0
0 0 0 0 0 0 0 0
255 255 255 255 254 249 254 0
0 0 0 0 0 0 0 0
0 0 0 0 0 0 0 0
---
EVENT_INDEX: 80 | TIME_US: 5402.0
0 0 0 0 0 0 0 0
0 0 0 0 0 0 0 0
254 254 254 0 254 0 242 0
0 0 0 0 0 0 0 0
0 0 0 0 0 0 0 0
255 255 255 255 255 249 254 0
0 0 0 0 0 0 0 0
0 0 0 0 0 0 0 0
---
EVENT_INDEX: 81 | TIME_US: 5402.0
0 0 0 0 0 0 0 0
0 0 0 0 0 0 0 0
254 254 254 0 254 0 242 0
0 0 0 0 0 0 0 0
0 0 0 0 0 0 0 0
255 255 255 255 255 255 254 0
0 0 0 0 0 0 0 0
0 0 0 0 0 0 0 0
---
EVENT_INDEX: 82 | TIME_US: 5402.0
0 0 0 0 0 0 0 0
0 0 0 0 0 0 0 0
254 255 254 0 254 0 242 0
0 0 0 0 0 0 0 0
0 0 0 0 0 0 0 0
255 255 255 255 255 255 254 0
0 0 0 0 0 0 0 0
0 0 0 0 0 0 0 0
---
EVENT_INDEX: 83 | TIME_US: 5402.1
0 0 0 0 0 0 0 0
0 0 0 0 0 0 0 0
254 255 254 0 255 0 242 0
0 0 0 0 0 0 0 0
0 0 0 0 0 0 0 0
255 255 255 255 255 255 254 0
0 0 0 0 0 0 0 0
0 0 0 0 0 0 0 0
---
EVENT_INDEX: 84 | TIME_US: 5702.1
0 0 0 0 0 0 0 0
0 0 0 0 0 0 0 0
253 254 253 0 254 0 241 0
0 0 0 0 0 0 0 0
0 0 0 0 0 0 0 0
255 254 254 254 254 254 253 0
0 0 0 0 0 0 0 0
0 0 0 0 0 0 0 0
---
EVENT_INDEX: 85 | TIME_US: 5702.1
0 0 0 0 0 0 0 0
0 0 0 0 0 0 0 0
253 254 253 0 254 0 241 0
0 0 0 0 0 0 0 0
0 0 0 0 0 0 0 0
255 255 254 254 254 254 253 0
0 0 0 0 0 0 0 0
0 0 0 0 0 0 0 0
---
EVENT_INDEX: 86 | TIME_US: 5702.1
0 0 0 0 0 0 0 0
0 0 0 0 0 0 0 0
253 254 253 0 254 0 241 0
0 0 0 0 0 0 0 0
0 0 0 0 0 0 0 0
255 255 254 255 254 254 253 0
0 0 0 0 0 0 0 0
0 0 0 0 0 0 0 0
---
EVENT_INDEX: 87 | TIME_US: 5702.2
0 0 0 0 0 0 0 0
0 0 0 0 0 0 0 0
253 254 253 0 254 0 241 0
0 0 0 0 0 0 0 0
0 0 0 0 0 0 0 0
255 255 254 255 255 254 253 0
0 0 0 0 0 0 0 0
0 0 0 0 0 0 0 0
---
EVENT_INDEX: 88 | TIME_US: 5702.2
0 0 0 0 0 0 0 0
0 0 0 0 0 0 0 0
253 254 253 0 254 0 241 0
0 0 0 0 0 0 0 0
0 0 0 0 0 0 0 0
255 255 254 255 255 255 253 0
0 0 0 0 0 0 0 0
0 0 0 0 0 0 0 0
---
EVENT_INDEX: 89 | TIME_US: 5702.2
0 0 0 0 0 0 0 0
0 0 0 0 0 0 0 0
255 254 253 0 254 0 241 0
0 0 0 0 0 0 0 0
0 0 0 0 0 0 0 0
255 255 254 255 255 255 253 0
0 0 0 0 0 0 0 0
0 0 0 0 0 0 0 0
---
EVENT_INDEX: 90 | TIME_US: 5702.2
0 0 0 0 0 0 0 0
0 0 0 0 0 0 0 0
255 255 253 0 254 0 241 0
0 0 0 0 0 0 0 0
0 0 0 0 0 0 0 0
255 255 254 255 255 255 253 0
0 0 0 0 0 0 0 0
0 0 0 0 0 0 0 0
---
EVENT_INDEX: 91 | TIME_US: 5702.2
0 0 0 0 0 0 0 0
0 0 0 0 0 0 0 0
255 255 255 0 254 0 241 0
0 0 0 0 0 0 0 0
0 0 0 0 0 0 0 0
255 255 254 255 255 255 253 0
0 0 0 0 0 0 0 0
0 0 0 0 0 0 0 0
---
EVENT_INDEX: 92 | TIME_US: 6002.3
0 0 0 0 0 0 0 0
0 0 0 0 0 0 0 0
254 254 254 0 253 0 240 0
0 0 0 0 0 0 0 0
0 0 0 0 0 0 0 0
255 254 253 254 254 254 252 0
0 0 0 0 0 0 0 0
0 0 0 0 0 0 0 0
---
EVENT_INDEX: 93 | TIME_US: 6002.3
0 0 0 0 0 0 0 0
0 0 0 0 0 0 0 0
254 254 254 0 253 0 240 0
0 0 0 0 0 0 0 0
0 0 0 0 0 0 0 0
255 254 255 254 254 254 252 0
0 0 0 0 0 0 0 0
0 0 0 0 0 0 0 0
---
EVENT_INDEX: 94 | TIME_US: 6002.3
0 0 0 0 0 0 0 0
0 0 0 0 0 0 0 0
254 255 254 0 253 0 240 0
0 0 0 0 0 0 0 0
0 0 0 0 0 0 0 0
255 254 255 254 254 254 252 0
0 0 0 0 0 0 0 0
0 0 0 0 0 0 0 0
---
EVENT_INDEX: 95 | TIME_US: 6002.3
0 0 0 0 0 0 0 0
0 0 0 0 0 0 0 0
254 255 255 0 253 0 240 0
0 0 0 0 0 0 0 0
0 0 0 0 0 0 0 0
255 254 255 254 254 254 252 0
0 0 0 0 0 0 0 0
0 0 0 0 0 0 0 0
---
EVENT_INDEX: 96 | TIME_US: 6302.4
0 0 0 0 0 0 0 0
0 0 0 0 0 0 0 0
253 254 254 0 252 0 239 0
0 0 0 0 0 0 0 0
0 0 0 0 0 0 0 0
254 255 254 253 253 253 251 0
0 0 0 0 0 0 0 0
0 0 0 0 0 0 0 0
---
EVENT_INDEX: 97 | TIME_US: 6302.4
0 0 0 0 0 0 0 0
0 0 0 0 0 0 0 0
253 254 254 0 252 0 239 0
0 0 0 0 0 0 0 0
0 0 0 0 0 0 0 0
254 255 255 253 253 253 251 0
0 0 0 0 0 0 0 0
0 0 0 0 0 0 0 0
---
EVENT_INDEX: 98 | TIME_US: 6302.4
0 0 0 0 0 0 0 0
0 0 0 0 0 0 0 0
253 254 254 0 252 0 239 0
0 0 0 0 0 0 0 0
0 0 0 0 0 0 0 0
254 255 255 255 253 253 251 0
0 0 0 0 0 0 0 0
0 0 0 0 0 0 0 0
---
EVENT_INDEX: 99 | TIME_US: 6302.4
0 0 0 0 0 0 0 0
0 0 0 0 0 0 0 0
255 254 254 0 252 0 239 0
0 0 0 0 0 0 0 0
0 0 0 0 0 0 0 0
254 255 255 255 253 253 251 0
0 0 0 0 0 0 0 0
0 0 0 0 0 0 0 0
---
EVENT_INDEX: 100 | TIME_US: 6302.5
0 0 0 0 0 0 0 0
0 0 0 0 0 0 0 0
255 255 254 0 252 0 239 0
0 0 0 0 0 0 0 0
0 0 0 0 0 0 0 0
254 255 255 255 253 253 251 0
0 0 0 0 0 0 0 0
0 0 0 0 0 0 0 0
---
EVENT_INDEX: 101 | TIME_US: 6302.5
0 0 0 0 0 0 0 0
0 0 0 0 0 0 0 0
255 255 255 0 252 0 239 0
0 0 0 0 0 0 0 0
0 0 0 0 0 0 0 0
254 255 255 255 253 253 251 0
0 0 0 0 0 0 0 0
0 0 0 0 0 0 0 0
---
EVENT_INDEX: 102 | TIME_US: 6302.5
0 0 0 0 0 0 0 0
0 0 0 0 0 0 0 0
255 255 255 255 252 0 239 0
0 0 0 0 0 0 0 0
0 0 0 0 0 0 0 0
254 255 255 255 253 253 251 0
0 0 0 0 0 0 0 0
0 0 0 0 0 0 0 0
---
EVENT_INDEX: 103 | TIME_US: 6602.5
0 0 0 0 0 0 0 0
0 0 0 0 0 0 0 0
254 254 254 254 251 0 238 0
0 0 0 0 0 0 0 0
0 0 0 0 0 0 0 0
253 254 255 254 252 252 250 0
0 0 0 0 0 0 0 0
0 0 0 0 0 0 0 0
---
EVENT_INDEX: 104 | TIME_US: 6602.6
0 0 0 0 0 0 0 0
0 0 0 0 0 0 0 0
255 254 254 254 251 0 238 0
0 0 0 0 0 0 0 0
0 0 0 0 0 0 0 0
253 254 255 254 252 252 250 0
0 0 0 0 0 0 0 0
0 0 0 0 0 0 0 0
---
EVENT_INDEX: 105 | TIME_US: 6602.6
0 0 0 0 0 0 0 0
0 0 0 0 0 0 0 0
255 255 254 254 251 0 238 0
0 0 0 0 0 0 0 0
0 0 0 0 0 0 0 0
253 254 255 254 252 252 250 0
0 0 0 0 0 0 0 0
0 0 0 0 0 0 0 0
---
EVENT_INDEX: 106 | TIME_US: 6602.6
0 0 0 0 0 0 0 0
0 0 0 0 0 0 0 0
255 255 255 254 251 0 238 0
0 0 0 0 0 0 0 0
0 0 0 0 0 0 0 0
253 254 255 254 252 252 250 0
0 0 0 0 0 0 0 0
0 0 0 0 0 0 0 0
---
EVENT_INDEX: 107 | TIME_US: 6602.6
0 0 0 0 0 0 0 0
0 0 0 0 0 0 0 0
255 255 255 255 251 0 238 0
0 0 0 0 0 0 0 0
0 0 0 0 0 0 0 0
253 254 255 254 252 252 250 0
0 0 0 0 0 0 0 0
0 0 0 0 0 0 0 0
---
EVENT_INDEX: 108 | TIME_US: 6602.6
0 0 0 0 0 0 0 0
0 0 0 0 0 0 0 0
255 255 255 255 255 0 238 0
0 0 0 0 0 0 0 0
0 0 0 0 0 0 0 0
253 254 255 254 252 252 250 0
0 0 0 0 0 0 0 0
0 0 0 0 0 0 0 0
---
EVENT_INDEX: 109 | TIME_US: 6902.7
0 0 0 0 0 0 0 0
0 0 0 0 0 0 0 0
254 255 254 254 254 0 237 0
0 0 0 0 0 0 0 0
0 0 0 0 0 0 0 0
252 253 254 253 251 251 249 0
0 0 0 0 0 0 0 0
0 0 0 0 0 0 0 0
---
EVENT_INDEX: 110 | TIME_US: 6902.7
0 0 0 0 0 0 0 0
0 0 0 0 0 0 0 0
254 255 254 254 255 0 237 0
0 0 0 0 0 0 0 0
0 0 0 0 0 0 0 0
252 253 254 253 251 251 249 0
0 0 0 0 0 0 0 0
0 0 0 0 0 0 0 0
---
EVENT_INDEX: 111 | TIME_US: 6902.7
0 0 0 0 0 0 0 0
0 0 0 0 0 0 0 0
254 255 254 254 255 0 237 255
0 0 0 0 0 0 0 0
0 0 0 0 0 0 0 0
252 253 254 253 251 251 249 0
0 0 0 0 0 0 0 0
0 0 0 0 0 0 0 0
---
EVENT_INDEX: 112 | TIME_US: 7202.8
0 0 0 0 0 0 0 0
0 0 0 0 0 0 0 0
253 254 253 253 254 0 236 254
0 0 0 0 0 0 0 0
0 0 0 0 0 0 0 0
251 255 253 252 250 250 248 0
0 0 0 0 0 0 0 0
0 0 0 0 0 0 0 0
---
EVENT_INDEX: 113 | TIME_US: 7202.8
0 0 0 0 0 0 0 0
0 0 0 0 0 0 0 0
253 254 253 253 254 0 236 254
0 0 0 0 0 0 0 0
0 0 0 0 0 0 0 0
251 255 253 255 250 250 248 0
0 0 0 0 0 0 0 0
0 0 0 0 0 0 0 0
---
EVENT_INDEX: 114 | TIME_US: 7202.8
0 0 0 0 0 0 0 0
0 0 0 0 0 0 0 0
255 254 253 253 254 0 236 254
0 0 0 0 0 0 0 0
0 0 0 0 0 0 0 0
251 255 253 255 250 250 248 0
0 0 0 0 0 0 0 0
0 0 0 0 0 0 0 0
---
EVENT_INDEX: 115 | TIME_US: 7202.8
0 0 0 0 0 0 0 0
0 0 0 0 0 0 0 0
255 255 253 253 254 0 236 254
0 0 0 0 0 0 0 0
0 0 0 0 0 0 0 0
251 255 253 255 250 250 248 0
0 0 0 0 0 0 0 0
0 0 0 0 0 0 0 0
---
EVENT_INDEX: 116 | TIME_US: 7202.8
0 0 0 0 0 0 0 0
0 0 0 0 0 0 0 0
255 255 253 253 254 0 236 255
0 0 0 0 0 0 0 0
0 0 0 0 0 0 0 0
251 255 253 255 250 250 248 0
0 0 0 0 0 0 0 0
0 0 0 0 0 0 0 0
---
EVENT_INDEX: 117 | TIME_US: 7502.9
0 0 0 0 0 0 0 0
0 0 0 0 0 0 0 0
254 254 252 252 253 0 235 254
0 0 0 0 0 0 0 0
0 0 0 0 0 0 0 0
250 255 252 254 249 249 247 0
0 0 0 0 0 0 0 0
0 0 0 0 0 0 0 0
---
EVENT_INDEX: 118 | TIME_US: 7502.9
0 0 0 0 0 0 0 0
0 0 0 0 0 0 0 0
255 254 252 252 253 0 235 254
0 0 0 0 0 0 0 0
0 0 0 0 0 0 0 0
250 255 252 254 249 249 247 0
0 0 0 0 0 0 0 0
0 0 0 0 0 0 0 0
---
EVENT_INDEX: 119 | TIME_US: 7802.9
0 0 0 0 0 0 0 0
0 0 0 0 0 0 0 0
254 253 251 251 252 0 234 253
0 0 0 0 0 0 0 0
0 0 0 0 0 0 0 0
249 255 251 253 248 248 246 0
0 0 0 0 0 0 0 0
0 0 0 0 0 0 0 0
---
EVENT_INDEX: 120 | TIME_US: 7803.0
0 0 0 0 0 0 0 0
0 0 0 0 0 0 0 0
254 253 251 251 252 0 234 253
0 0 0 0 0 0 0 0
0 0 0 0 0 0 0 0
249 255 255 253 248 248 246 0
0 0 0 0 0 0 0 0
0 0 0 0 0 0 0 0
---
EVENT_INDEX: 121 | TIME_US: 7803.0
0 0 0 0 0 0 0 0
0 0 0 0 0 0 0 0
254 253 255 251 252 0 234 253
0 0 0 0 0 0 0 0
0 0 0 0 0 0 0 0
249 255 255 253 248 248 246 0
0 0 0 0 0 0 0 0
0 0 0 0 0 0 0 0
---
EVENT_INDEX: 122 | TIME_US: 7803.0
0 0 0 0 0 0 0 0
0 0 0 0 0 0 0 0
254 253 255 255 252 0 234 253
0 0 0 0 0 0 0 0
0 0 0 0 0 0 0 0
249 255 255 253 248 248 246 0
0 0 0 0 0 0 0 0
0 0 0 0 0 0 0 0
---
EVENT_INDEX: 123 | TIME_US: 8103.0
0 0 0 0 0 0 0 0
0 0 0 0 0 0 0 0
253 252 255 254 251 0 233 252
0 0 0 0 0 0 0 0
0 0 0 0 0 0 0 0
248 254 254 252 247 247 245 0
0 0 0 0 0 0 0 0
0 0 0 0 0 0 0 0
---
EVENT_INDEX: 124 | TIME_US: 8403.1
0 0 0 0 0 0 0 0
0 0 0 0 0 0 0 0
252 251 254 253 250 0 232 251
0 0 0 0 0 0 0 0
0 0 0 0 0 0 0 0
247 253 255 251 246 246 244 0
0 0 0 0 0 0 0 0
0 0 0 0 0 0 0 0
---
EVENT_INDEX: 125 | TIME_US: 8403.1
0 0 0 0 0 0 0 0
0 0 0 0 0 0 0 0
252 255 254 253 250 0 232 251
0 0 0 0 0 0 0 0
0 0 0 0 0 0 0 0
247 253 255 251 246 246 244 0
0 0 0 0 0 0 0 0
0 0 0 0 0 0 0 0
---
EVENT_INDEX: 126 | TIME_US: 8703.1
0 0 0 0 0 0 0 0
0 0 0 0 0 0 0 0
251 254 253 252 249 0 232 250
0 0 0 0 0 0 0 0
0 0 0 0 0 0 0 0
255 252 254 250 245 245 243 0
0 0 0 0 0 0 0 0
0 0 0 0 0 0 0 0
---
EVENT_INDEX: 127 | TIME_US: 8703.2
0 0 0 0 0 0 0 0
0 0 0 0 0 0 0 0
251 254 253 252 249 0 232 250
0 0 0 0 0 0 0 0
0 0 0 0 0 0 0 0
255 255 254 250 245 245 243 0
0 0 0 0 0 0 0 0
0 0 0 0 0 0 0 0
---
EVENT_INDEX: 128 | TIME_US: 9003.2
0 0 0 0 0 0 0 0
0 0 0 0 0 0 0 0
250 253 252 251 248 0 231 249
0 0 0 0 0 0 0 0
0 0 0 0 0 0 0 0
255 254 253 249 244 244 242 0
0 0 0 0 0 0 0 0
0 0 0 0 0 0 0 0
---
EVENT_INDEX: 129 | TIME_US: 9003.2
0 0 0 0 0 0 0 0
0 0 0 0 0 0 0 0
250 253 252 251 248 0 231 249
0 0 0 0 0 0 0 0
0 0 0 0 0 0 0 0
255 254 255 249 244 244 242 0
0 0 0 0 0 0 0 0
0 0 0 0 0 0 0 0
---
EVENT_INDEX: 130 | TIME_US: 9003.2
0 0 0 0 0 0 0 0
0 0 0 0 0 0 0 0
250 253 252 251 248 0 231 249
0 0 0 0 0 0 0 0
0 0 0 0 0 0 0 0
255 254 255 255 244 244 242 0
0 0 0 0 0 0 0 0
0 0 0 0 0 0 0 0
---
EVENT_INDEX: 131 | TIME_US: 9303.3
0 0 0 0 0 0 0 0
0 0 0 0 0 0 0 0
249 252 251 250 247 0 230 248
0 0 0 0 0 0 0 0
0 0 0 0 0 0 0 0
255 253 254 254 243 243 241 0
0 0 0 0 0 0 0 0
0 0 0 0 0 0 0 0
---
EVENT_INDEX: 132 | TIME_US: 9303.3
0 0 0 0 0 0 0 0
0 0 0 0 0 0 0 0
249 252 251 250 247 0 230 248
0 0 0 0 0 0 0 0
0 0 0 0 0 0 0 0
255 255 254 254 243 243 241 0
0 0 0 0 0 0 0 0
0 0 0 0 0 0 0 0
---
EVENT_INDEX: 133 | TIME_US: 9303.3
0 0 0 0 0 0 0 0
0 0 0 0 0 0 0 0
249 252 251 250 247 0 230 248
0 0 0 0 0 0 0 0
0 0 0 0 0 0 0 0
255 255 255 254 243 243 241 0
0 0 0 0 0 0 0 0
0 0 0 0 0 0 0 0
---
EVENT_INDEX: 134 | TIME_US: 9303.3
0 0 0 0 0 0 0 0
0 0 0 0 0 0 0 0
249 255 251 250 247 0 230 248
0 0 0 0 0 0 0 0
0 0 0 0 0 0 0 0
255 255 255 254 243 243 241 0
0 0 0 0 0 0 0 0
0 0 0 0 0 0 0 0
---
EVENT_INDEX: 135 | TIME_US: 9603.4
0 0 0 0 0 0 0 0
0 0 0 0 0 0 0 0
248 255 250 249 246 0 229 247
0 0 0 0 0 0 0 0
0 0 0 0 0 0 0 0
254 254 254 253 242 242 240 0
0 0 0 0 0 0 0 0
0 0 0 0 0 0 0 0
---
EVENT_INDEX: 136 | TIME_US: 9603.4
0 0 0 0 0 0 0 0
0 0 0 0 0 0 0 0
248 255 255 249 246 0 229 247
0 0 0 0 0 0 0 0
0 0 0 0 0 0 0 0
254 254 254 253 242 242 240 0
0 0 0 0 0 0 0 0
0 0 0 0 0 0 0 0
---
EVENT_INDEX: 137 | TIME_US: 9903.4
0 0 0 0 0 0 0 0
0 0 0 0 0 0 0 0
247 254 254 248 245 0 228 246
0 0 0 0 0 0 0 0
0 0 0 0 0 0 0 0
253 255 253 252 241 241 239 0
0 0 0 0 0 0 0 0
0 0 0 0 0 0 0 0
---
EVENT_INDEX: 138 | TIME_US: 9903.5
0 0 0 0 0 0 0 0
0 0 0 0 0 0 0 0
247 255 254 248 245 0 228 246
0 0 0 0 0 0 0 0
0 0 0 0 0 0 0 0
253 255 253 252 241 241 239 0
0 0 0 0 0 0 0 0
0 0 0 0 0 0 0 0
---
EVENT_INDEX: 139 | TIME_US: 9903.5
0 0 0 0 0 0 0 0
0 0 0 0 0 0 0 0
247 255 255 248 245 0 228 246
0 0 0 0 0 0 0 0
0 0 0 0 0 0 0 0
253 255 253 252 241 241 239 0
0 0 0 0 0 0 0 0
0 0 0 0 0 0 0 0
---
EVENT_INDEX: 140 | TIME_US: 10203.5
0 0 0 0 0 0 0 0
0 0 0 0 0 0 0 0
246 254 254 247 244 0 227 245
0 0 0 0 0 0 0 0
0 0 0 0 0 0 0 0
252 255 252 251 240 240 238 0
0 0 0 0 0 0 0 0
0 0 0 0 0 0 0 0
---
EVENT_INDEX: 141 | TIME_US: 10203.5
0 0 0 0 0 0 0 0
0 0 0 0 0 0 0 0
255 254 254 247 244 0 227 245
0 0 0 0 0 0 0 0
0 0 0 0 0 0 0 0
252 255 252 251 240 240 238 0
0 0 0 0 0 0 0 0
0 0 0 0 0 0 0 0
---
EVENT_INDEX: 142 | TIME_US: 10203.6
0 0 0 0 0 0 0 0
0 0 0 0 0 0 0 0
255 255 254 247 244 0 227 245
0 0 0 0 0 0 0 0
0 0 0 0 0 0 0 0
252 255 252 251 240 240 238 0
0 0 0 0 0 0 0 0
0 0 0 0 0 0 0 0
---
EVENT_INDEX: 143 | TIME_US: 10503.6
0 0 0 0 0 0 0 0
0 0 0 0 0 0 0 0
255 254 253 246 243 0 226 244
0 0 0 0 0 0 0 0
0 0 0 0 0 0 0 0
251 254 251 250 239 239 237 0
0 0 0 0 0 0 0 0
0 0 0 0 0 0 0 0
---
EVENT_INDEX: 144 | TIME_US: 10503.6
0 0 0 0 0 0 0 0
0 0 0 0 0 0 0 0
255 255 253 246 243 0 226 244
0 0 0 0 0 0 0 0
0 0 0 0 0 0 0 0
251 254 251 250 239 239 237 0
0 0 0 0 0 0 0 0
0 0 0 0 0 0 0 0
---
EVENT_INDEX: 145 | TIME_US: 10803.7
0 0 0 0 0 0 0 0
0 0 0 0 0 0 0 0
254 254 252 245 242 0 225 243
0 0 0 0 0 0 0 0
0 0 0 0 0 0 0 0
250 255 250 249 238 238 236 0
0 0 0 0 0 0 0 0
0 0 0 0 0 0 0 0
---
EVENT_INDEX: 146 | TIME_US: 10803.7
0 0 0 0 0 0 0 0
0 0 0 0 0 0 0 0
255 254 252 245 242 0 225 243
0 0 0 0 0 0 0 0
0 0 0 0 0 0 0 0
250 255 250 249 238 238 236 0
0 0 0 0 0 0 0 0
0 0 0 0 0 0 0 0
---
EVENT_INDEX: 147 | TIME_US: 10803.7
0 0 0 0 0 0 0 0
0 0 0 0 0 0 0 0
255 254 255 245 242 0 225 243
0 0 0 0 0 0 0 0
0 0 0 0 0 0 0 0
250 255 250 249 238 238 236 0
0 0 0 0 0 0 0 0
0 0 0 0 0 0 0 0
---
EVENT_INDEX: 148 | TIME_US: 11103.7
0 0 0 0 0 0 0 0
0 0 0 0 0 0 0 0
254 253 254 244 241 0 224 242
0 0 0 0 0 0 0 0
0 0 0 0 0 0 0 0
255 254 249 248 237 237 235 0
0 0 0 0 0 0 0 0
0 0 0 0 0 0 0 0
---
EVENT_INDEX: 149 | TIME_US: 11103.8
0 0 0 0 0 0 0 0
0 0 0 0 0 0 0 0
254 253 254 244 241 0 224 242
0 0 0 0 0 0 0 0
0 0 0 0 0 0 0 0
255 255 249 248 237 237 235 0
0 0 0 0 0 0 0 0
0 0 0 0 0 0 0 0
---
EVENT_INDEX: 150 | TIME_US: 11103.8
0 0 0 0 0 0 0 0
0 0 0 0 0 0 0 0
254 253 254 244 241 0 224 242
0 0 0 0 0 0 0 0
0 0 0 0 0 0 0 0
255 255 255 248 237 237 235 0
0 0 0 0 0 0 0 0
0 0 0 0 0 0 0 0
---
EVENT_INDEX: 151 | TIME_US: 11103.8
0 0 0 0 0 0 0 0
0 0 0 0 0 0 0 0
255 253 254 244 241 0 224 242
0 0 0 0 0 0 0 0
0 0 0 0 0 0 0 0
255 255 255 248 237 237 235 0
0 0 0 0 0 0 0 0
0 0 0 0 0 0 0 0
---
EVENT_INDEX: 152 | TIME_US: 11103.8
0 0 0 0 0 0 0 0
0 0 0 0 0 0 0 0
255 255 254 244 241 0 224 242
0 0 0 0 0 0 0 0
0 0 0 0 0 0 0 0
255 255 255 248 237 237 235 0
0 0 0 0 0 0 0 0
0 0 0 0 0 0 0 0
---
EVENT_INDEX: 153 | TIME_US: 11103.8
0 0 0 0 0 0 0 0
0 0 0 0 0 0 0 0
255 255 255 244 241 0 224 242
0 0 0 0 0 0 0 0
0 0 0 0 0 0 0 0
255 255 255 248 237 237 235 0
0 0 0 0 0 0 0 0
0 0 0 0 0 0 0 0
---
EVENT_INDEX: 154 | TIME_US: 11403.9
0 0 0 0 0 0 0 0
0 0 0 0 0 0 0 0
254 254 254 243 240 0 224 241
0 0 0 0 0 0 0 0
0 0 0 0 0 0 0 0
255 254 254 247 236 236 234 0
0 0 0 0 0 0 0 0
0 0 0 0 0 0 0 0
---
EVENT_INDEX: 155 | TIME_US: 11403.9
0 0 0 0 0 0 0 0
0 0 0 0 0 0 0 0
254 255 254 243 240 0 224 241
0 0 0 0 0 0 0 0
0 0 0 0 0 0 0 0
255 254 254 247 236 236 234 0
0 0 0 0 0 0 0 0
0 0 0 0 0 0 0 0
---
EVENT_INDEX: 156 | TIME_US: 11403.9
0 0 0 0 0 0 0 0
0 0 0 0 0 0 0 0
254 255 255 243 240 0 224 241
0 0 0 0 0 0 0 0
0 0 0 0 0 0 0 0
255 254 254 247 236 236 234 0
0 0 0 0 0 0 0 0
0 0 0 0 0 0 0 0
---
EVENT_INDEX: 157 | TIME_US: 11704.0
0 0 0 0 0 0 0 0
0 0 0 0 0 0 0 0
253 254 254 242 239 0 223 240
0 0 0 0 0 0 0 0
0 0 0 0 0 0 0 0
254 253 255 246 235 235 233 0
0 0 0 0 0 0 0 0
0 0 0 0 0 0 0 0
---
EVENT_INDEX: 158 | TIME_US: 11704.0
0 0 0 0 0 0 0 0
0 0 0 0 0 0 0 0
253 254 254 242 239 0 223 240
0 0 0 0 0 0 0 0
0 0 0 0 0 0 0 0
254 253 255 255 235 235 233 0
0 0 0 0 0 0 0 0
0 0 0 0 0 0 0 0
---
EVENT_INDEX: 159 | TIME_US: 11704.0
0 0 0 0 0 0 0 0
0 0 0 0 0 0 0 0
255 254 254 242 239 0 223 240
0 0 0 0 0 0 0 0
0 0 0 0 0 0 0 0
254 253 255 255 235 235 233 0
0 0 0 0 0 0 0 0
0 0 0 0 0 0 0 0
---
EVENT_INDEX: 160 | TIME_US: 12004.0
0 0 0 0 0 0 0 0
0 0 0 0 0 0 0 0
254 253 253 241 238 0 222 239
0 0 0 0 0 0 0 0
0 0 0 0 0 0 0 0
253 252 254 255 234 234 232 0
0 0 0 0 0 0 0 0
0 0 0 0 0 0 0 0
---
EVENT_INDEX: 161 | TIME_US: 12304.1
0 0 0 0 0 0 0 0
0 0 0 0 0 0 0 0
253 252 252 240 237 0 221 238
0 0 0 0 0 0 0 0
0 0 0 0 0 0 0 0
252 251 255 254 233 233 232 0
0 0 0 0 0 0 0 0
0 0 0 0 0 0 0 0
---
EVENT_INDEX: 162 | TIME_US: 12304.1
0 0 0 0 0 0 0 0
0 0 0 0 0 0 0 0
255 252 252 240 237 0 221 238
0 0 0 0 0 0 0 0
0 0 0 0 0 0 0 0
252 251 255 254 233 233 232 0
0 0 0 0 0 0 0 0
0 0 0 0 0 0 0 0
---
EVENT_INDEX: 163 | TIME_US: 12604.1
0 0 0 0 0 0 0 0
0 0 0 0 0 0 0 0
254 251 251 239 236 0 220 237
0 0 0 0 0 0 0 0
0 0 0 0 0 0 0 0
251 250 255 253 232 232 231 0
0 0 0 0 0 0 0 0
0 0 0 0 0 0 0 0
---
EVENT_INDEX: 164 | TIME_US: 12604.2
0 0 0 0 0 0 0 0
0 0 0 0 0 0 0 0
255 251 251 239 236 0 220 237
0 0 0 0 0 0 0 0
0 0 0 0 0 0 0 0
251 250 255 253 232 232 231 0
0 0 0 0 0 0 0 0
0 0 0 0 0 0 0 0
---
EVENT_INDEX: 165 | TIME_US: 12904.2
0 0 0 0 0 0 0 0
0 0 0 0 0 0 0 0
254 250 250 238 235 0 219 236
0 0 0 0 0 0 0 0
0 0 0 0 0 0 0 0
255 249 254 252 232 232 230 0
0 0 0 0 0 0 0 0
0 0 0 0 0 0 0 0
---
EVENT_INDEX: 166 | TIME_US: 12904.2
0 0 0 0 0 0 0 0
0 0 0 0 0 0 0 0
254 250 250 238 235 0 219 236
0 0 0 0 0 0 0 0
0 0 0 0 0 0 0 0
255 249 255 252 232 232 230 0
0 0 0 0 0 0 0 0
0 0 0 0 0 0 0 0
---
EVENT_INDEX: 167 | TIME_US: 12904.2
0 0 0 0 0 0 0 0
0 0 0 0 0 0 0 0
255 250 250 238 235 0 219 236
0 0 0 0 0 0 0 0
0 0 0 0 0 0 0 0
255 249 255 252 232 232 230 0
0 0 0 0 0 0 0 0
0 0 0 0 0 0 0 0
---
EVENT_INDEX: 168 | TIME_US: 12904.3
0 0 0 0 0 0 0 0
0 0 0 0 0 0 0 0
255 250 250 238 235 0 219 255
0 0 0 0 0 0 0 0
0 0 0 0 0 0 0 0
255 249 255 252 232 232 230 0
0 0 0 0 0 0 0 0
0 0 0 0 0 0 0 0
---
EVENT_INDEX: 169 | TIME_US: 13204.3
0 0 0 0 0 0 0 0
0 0 0 0 0 0 0 0
254 249 249 237 234 0 218 254
0 0 0 0 0 0 0 0
0 0 0 0 0 0 0 0
255 248 254 251 231 231 229 0
0 0 0 0 0 0 0 0
0 0 0 0 0 0 0 0
---
EVENT_INDEX: 170 | TIME_US: 13204.3
0 0 0 0 0 0 0 0
0 0 0 0 0 0 0 0
254 249 249 237 234 0 218 254
0 0 0 0 0 0 0 0
0 0 0 0 0 0 0 0
255 248 255 251 231 231 229 0
0 0 0 0 0 0 0 0
0 0 0 0 0 0 0 0
---
EVENT_INDEX: 171 | TIME_US: 13204.3
0 0 0 0 0 0 0 0
0 0 0 0 0 0 0 0
255 249 249 237 234 0 218 254
0 0 0 0 0 0 0 0
0 0 0 0 0 0 0 0
255 248 255 251 231 231 229 0
0 0 0 0 0 0 0 0
0 0 0 0 0 0 0 0
---
EVENT_INDEX: 172 | TIME_US: 13204.4
0 0 0 0 0 0 0 0
0 0 0 0 0 0 0 0
255 249 249 237 234 0 218 255
0 0 0 0 0 0 0 0
0 0 0 0 0 0 0 0
255 248 255 251 231 231 229 0
0 0 0 0 0 0 0 0
0 0 0 0 0 0 0 0
---
EVENT_INDEX: 173 | TIME_US: 13504.4
0 0 0 0 0 0 0 0
0 0 0 0 0 0 0 0
255 248 248 236 233 0 217 254
0 0 0 0 0 0 0 0
0 0 0 0 0 0 0 0
254 247 254 250 230 230 228 0
0 0 0 0 0 0 0 0
0 0 0 0 0 0 0 0
---
EVENT_INDEX: 174 | TIME_US: 13504.4
0 0 0 0 0 0 0 0
0 0 0 0 0 0 0 0
255 255 248 236 233 0 217 254
0 0 0 0 0 0 0 0
0 0 0 0 0 0 0 0
254 247 254 250 230 230 228 0
0 0 0 0 0 0 0 0
0 0 0 0 0 0 0 0
---
EVENT_INDEX: 175 | TIME_US: 13804.5
0 0 0 0 0 0 0 0
0 0 0 0 0 0 0 0
254 255 247 235 232 0 217 253
0 0 0 0 0 0 0 0
0 0 0 0 0 0 0 0
253 246 253 249 229 229 227 0
0 0 0 0 0 0 0 0
0 0 0 0 0 0 0 0
---
EVENT_INDEX: 176 | TIME_US: 14104.5
0 0 0 0 0 0 0 0
0 0 0 0 0 0 0 0
253 254 246 234 232 0 216 252
0 0 0 0 0 0 0 0
0 0 0 0 0 0 0 0
255 245 252 248 228 228 226 0
0 0 0 0 0 0 0 0
0 0 0 0 0 0 0 0
---
EVENT_INDEX: 177 | TIME_US: 14404.5
0 0 0 0 0 0 0 0
0 0 0 0 0 0 0 0
255 253 245 233 231 0 215 251
0 0 0 0 0 0 0 0
0 0 0 0 0 0 0 0
254 244 251 247 227 227 225 0
0 0 0 0 0 0 0 0
0 0 0 0 0 0 0 0
---
EVENT_INDEX: 178 | TIME_US: 14704.6
0 0 0 0 0 0 0 0
0 0 0 0 0 0 0 0
254 252 244 232 230 0 214 250
0 0 0 0 0 0 0 0
0 0 0 0 0 0 0 0
255 243 250 246 226 226 224 0
0 0 0 0 0 0 0 0
0 0 0 0 0 0 0 0
---
EVENT_INDEX: 179 | TIME_US: 14704.6
0 0 0 0 0 0 0 0
0 0 0 0 0 0 0 0
255 252 244 232 230 0 214 250
0 0 0 0 0 0 0 0
0 0 0 0 0 0 0 0
255 243 250 246 226 226 224 0
0 0 0 0 0 0 0 0
0 0 0 0 0 0 0 0
---
EVENT_INDEX: 180 | TIME_US: 14704.6
0 0 0 0 0 0 0 0
0 0 0 0 0 0 0 0
255 255 244 232 230 0 214 250
0 0 0 0 0 0 0 0
0 0 0 0 0 0 0 0
255 243 250 246 226 226 224 0
0 0 0 0 0 0 0 0
0 0 0 0 0 0 0 0
---
EVENT_INDEX: 181 | TIME_US: 14704.6
0 0 0 0 0 0 0 0
0 0 0 0 0 0 0 0
255 255 244 232 230 0 214 255
0 0 0 0 0 0 0 0
0 0 0 0 0 0 0 0
255 243 250 246 226 226 224 0
0 0 0 0 0 0 0 0
0 0 0 0 0 0 0 0
---
EVENT_INDEX: 182 | TIME_US: 15004.7
0 0 0 0 0 0 0 0
0 0 0 0 0 0 0 0
255 254 243 232 229 0 213 254
0 0 0 0 0 0 0 0
0 0 0 0 0 0 0 0
254 242 249 245 225 225 224 0
0 0 0 0 0 0 0 0
0 0 0 0 0 0 0 0
---
EVENT_INDEX: 183 | TIME_US: 15004.7
0 0 0 0 0 0 0 0
0 0 0 0 0 0 0 0
255 255 243 232 229 0 213 254
0 0 0 0 0 0 0 0
0 0 0 0 0 0 0 0
254 242 249 245 225 225 224 0
0 0 0 0 0 0 0 0
0 0 0 0 0 0 0 0
---
EVENT_INDEX: 184 | TIME_US: 15304.7
0 0 0 0 0 0 0 0
0 0 0 0 0 0 0 0
254 254 242 231 228 0 212 253
0 0 0 0 0 0 0 0
0 0 0 0 0 0 0 0
253 255 248 244 224 224 223 0
0 0 0 0 0 0 0 0
0 0 0 0 0 0 0 0
---
EVENT_INDEX: 185 | TIME_US: 15304.8
0 0 0 0 0 0 0 0
0 0 0 0 0 0 0 0
255 254 242 231 228 0 212 253
0 0 0 0 0 0 0 0
0 0 0 0 0 0 0 0
253 255 248 244 224 224 223 0
0 0 0 0 0 0 0 0
0 0 0 0 0 0 0 0
---
EVENT_INDEX: 186 | TIME_US: 15604.8
0 0 0 0 0 0 0 0
0 0 0 0 0 0 0 0
254 253 241 230 227 0 212 252
0 0 0 0 0 0 0 0
0 0 0 0 0 0 0 0
252 255 247 243 224 224 222 0
0 0 0 0 0 0 0 0
0 0 0 0 0 0 0 0
---
EVENT_INDEX: 187 | TIME_US: 15904.8
0 0 0 0 0 0 0 0
0 0 0 0 0 0 0 0
253 252 240 229 226 0 211 251
0 0 0 0 0 0 0 0
0 0 0 0 0 0 0 0
255 254 246 242 223 223 221 0
0 0 0 0 0 0 0 0
0 0 0 0 0 0 0 0
---
EVENT_INDEX: 188 | TIME_US: 15904.9
0 0 0 0 0 0 0 0
0 0 0 0 0 0 0 0
253 252 240 229 226 0 211 251
0 0 0 0 0 0 0 0
0 0 0 0 0 0 0 0
255 255 246 242 223 223 221 0
0 0 0 0 0 0 0 0
0 0 0 0 0 0 0 0
---
EVENT_INDEX: 189 | TIME_US: 16204.9
0 0 0 0 0 0 0 0
0 0 0 0 0 0 0 0
252 251 239 228 225 0 210 250
0 0 0 0 0 0 0 0
0 0 0 0 0 0 0 0
255 254 245 241 222 222 220 0
0 0 0 0 0 0 0 0
0 0 0 0 0 0 0 0
---
EVENT_INDEX: 190 | TIME_US: 16204.9
0 0 0 0 0 0 0 0
0 0 0 0 0 0 0 0
252 251 239 228 225 0 210 250
0 0 0 0 0 0 0 0
0 0 0 0 0 0 0 0
255 255 245 241 222 222 220 0
0 0 0 0 0 0 0 0
0 0 0 0 0 0 0 0
---
EVENT_INDEX: 191 | TIME_US: 16505.0
0 0 0 0 0 0 0 0
0 0 0 0 0 0 0 0
251 250 238 227 224 0 209 249
0 0 0 0 0 0 0 0
0 0 0 0 0 0 0 0
255 254 244 240 221 221 219 0
0 0 0 0 0 0 0 0
0 0 0 0 0 0 0 0
---
EVENT_INDEX: 192 | TIME_US: 16505.0
0 0 0 0 0 0 0 0
0 0 0 0 0 0 0 0
251 250 238 227 224 0 209 249
0 0 0 0 0 0 0 0
0 0 0 0 0 0 0 0
255 255 244 240 221 221 219 0
0 0 0 0 0 0 0 0
0 0 0 0 0 0 0 0
---
EVENT_INDEX: 193 | TIME_US: 16805.0
0 0 0 0 0 0 0 0
0 0 0 0 0 0 0 0
250 249 237 226 224 0 208 248
0 0 0 0 0 0 0 0
0 0 0 0 0 0 0 0
254 255 243 239 220 220 218 0
0 0 0 0 0 0 0 0
0 0 0 0 0 0 0 0
---
EVENT_INDEX: 194 | TIME_US: 17105.1
0 0 0 0 0 0 0 0
0 0 0 0 0 0 0 0
249 248 236 225 223 0 207 247
0 0 0 0 0 0 0 0
0 0 0 0 0 0 0 0
253 255 242 238 219 219 217 0
0 0 0 0 0 0 0 0
0 0 0 0 0 0 0 0
---
EVENT_INDEX: 195 | TIME_US: 17105.1
0 0 0 0 0 0 0 0
0 0 0 0 0 0 0 0
249 248 255 225 223 0 207 247
0 0 0 0 0 0 0 0
0 0 0 0 0 0 0 0
253 255 242 238 219 219 217 0
0 0 0 0 0 0 0 0
0 0 0 0 0 0 0 0
---
EVENT_INDEX: 196 | TIME_US: 17405.1
0 0 0 0 0 0 0 0
0 0 0 0 0 0 0 0
248 247 254 224 222 0 207 246
0 0 0 0 0 0 0 0
0 0 0 0 0 0 0 0
252 255 241 237 218 218 217 0
0 0 0 0 0 0 0 0
0 0 0 0 0 0 0 0
---
EVENT_INDEX: 197 | TIME_US: 17405.1
0 0 0 0 0 0 0 0
0 0 0 0 0 0 0 0
255 247 254 224 222 0 207 246
0 0 0 0 0 0 0 0
0 0 0 0 0 0 0 0
252 255 241 237 218 218 217 0
0 0 0 0 0 0 0 0
0 0 0 0 0 0 0 0
---
EVENT_INDEX: 198 | TIME_US: 17405.2
0 0 0 0 0 0 0 0
0 0 0 0 0 0 0 0
255 247 255 224 222 0 207 246
0 0 0 0 0 0 0 0
0 0 0 0 0 0 0 0
252 255 241 237 218 218 217 0
0 0 0 0 0 0 0 0
0 0 0 0 0 0 0 0
---
EVENT_INDEX: 199 | TIME_US: 17705.2
0 0 0 0 0 0 0 0
0 0 0 0 0 0 0 0
255 246 254 224 221 0 206 245
0 0 0 0 0 0 0 0
0 0 0 0 0 0 0 0
251 254 240 236 217 217 216 0
0 0 0 0 0 0 0 0
0 0 0 0 0 0 0 0
---
